Frequency (Hz)	Level (dB)
10.766602	-61.092308
21.533203	-53.724823
32.299805	-49.884186
43.066406	-47.533291
53.833008	-45.168362
64.599609	-43.301552
75.366211	-42.007133
86.132812	-41.408398
96.899414	-40.383678
107.666016	-39.132828
118.432617	-38.266247
129.199219	-38.085846
139.965820	-37.874413
150.732422	-37.655750
161.499023	-37.657608
172.265625	-37.728134
183.032227	-37.691498
193.798828	-37.601048
204.565430	-37.436855
215.332031	-36.486492
226.098633	-36.604721
236.865234	-37.965267
247.631836	-38.786522
258.398438	-39.240078
269.165039	-39.806080
279.931641	-40.147762
290.698242	-40.349319
301.464844	-40.655308
312.231445	-41.178844
322.998047	-41.702835
333.764648	-42.065472
344.531250	-42.196079
355.297852	-42.568859
366.064453	-42.792400
376.831055	-42.965744
387.597656	-43.098835
398.364258	-43.420013
409.130859	-43.489395
419.897461	-42.624794
430.664062	-41.406017
441.430664	-39.921249
452.197266	-40.234310
462.963867	-42.216930
473.730469	-43.978222
484.497070	-45.350563
495.263672	-46.141525
506.030273	-46.701439
516.796875	-47.386936
527.563477	-48.202209
538.330078	-48.556526
549.096680	-48.936363
559.863281	-49.375103
570.629883	-49.845203
581.396484	-50.079594
592.163086	-50.189960
602.929688	-50.147480
613.696289	-49.959213
624.462891	-49.223576
635.229492	-48.237919
645.996094	-46.533211
656.762695	-44.078972
667.529297	-42.042587
678.295898	-42.656475
689.062500	-45.287056
699.829102	-48.342968
710.595703	-50.606052
721.362305	-51.874973
732.128906	-52.969955
742.895508	-53.689487
753.662109	-54.307533
764.428711	-54.844952
775.195312	-54.884151
785.961914	-54.461514
796.728516	-54.062508
807.495117	-53.988716
818.261719	-54.155338
829.028320	-53.456917
839.794922	-52.632404
850.561523	-51.313046
861.328125	-48.813557
872.094727	-45.349831
882.861328	-41.492897
893.627930	-39.887299
904.394531	-41.207054
915.161133	-43.391647
925.927734	-45.004478
936.694336	-46.203682
947.460938	-47.790005
958.227539	-49.842552
968.994141	-51.595886
979.760742	-53.208485
990.527344	-54.445427
1001.293945	-55.665077
1012.060547	-56.094135
1022.827148	-55.830235
1033.593750	-55.357048
1044.360352	-54.484661
1055.126953	-53.646072
1065.893555	-52.882084
1076.660156	-51.202225
1087.426758	-48.560528
1098.193359	-45.142704
1108.959961	-42.355255
1119.726562	-42.337502
1130.493164	-45.043419
1141.259766	-48.627544
1152.026367	-50.888783
1162.792969	-52.607567
1173.559570	-54.004295
1184.326172	-54.877209
1195.092773	-55.370468
1205.859375	-55.752686
1216.625977	-56.277889
1227.392578	-56.674511
1238.159180	-56.673031
1248.925781	-56.269909
1259.692383	-55.544205
1270.458984	-54.798611
1281.225586	-53.850311
1291.992188	-52.543549
1302.758789	-50.662495
1313.525391	-48.098347
1324.291992	-43.425117
1335.058594	-39.913078
1345.825195	-40.078487
1356.591797	-42.841400
1367.358398	-46.491764
1378.125000	-48.964428
1388.891602	-50.596012
1399.658203	-52.249889
1410.424805	-53.095604
1421.191406	-53.610184
1431.958008	-54.042393
1442.724609	-54.301849
1453.491211	-54.422119
1464.257812	-54.048073
1475.024414	-53.774586
1485.791016	-52.924290
1496.557617	-51.795311
1507.324219	-49.905178
1518.090820	-48.179455
1528.857422	-46.081291
1539.624023	-43.051056
1550.390625	-39.399117
1561.157227	-37.636589
1571.923828	-38.720020
1582.690430	-41.317661
1593.457031	-43.869629
1604.223633	-46.445942
1614.990234	-48.946621
1625.756836	-50.686958
1636.523438	-51.769169
1647.290039	-52.347404
1658.056641	-52.489208
1668.823242	-52.573833
1679.589844	-52.551945
1690.356445	-52.412544
1701.123047	-51.742298
1711.889648	-50.707397
1722.656250	-49.670193
1733.422852	-48.475185
1744.189453	-46.445679
1754.956055	-43.440140
1765.722656	-40.184425
1776.489258	-37.052601
1787.255859	-36.759464
1798.022461	-39.471962
1808.789062	-42.585560
1819.555664	-44.819576
1830.322266	-46.503651
1841.088867	-48.293137
1851.855469	-50.412632
1862.622070	-52.612888
1873.388672	-53.264046
1884.155273	-52.210087
1894.921875	-51.424438
1905.688477	-50.777477
1916.455078	-50.038445
1927.221680	-49.414448
1937.988281	-48.361240
1948.754883	-47.026836
1959.521484	-45.561863
1970.288086	-43.719246
1981.054688	-40.739864
1991.821289	-37.228622
2002.587891	-35.397030
2013.354492	-36.064186
2024.121094	-38.828339
2034.887695	-41.827919
2045.654297	-44.047485
2056.420898	-45.636875
2067.187500	-46.814537
2077.954102	-47.647221
2088.720703	-48.094715
2099.487305	-48.090679
2110.253906	-47.249565
2121.020508	-45.638840
2131.787109	-44.410362
2142.553711	-43.869671
2153.320312	-43.633076
2164.086914	-43.074490
2174.853516	-42.029495
2185.620117	-40.765041
2196.386719	-38.670589
2207.153320	-35.733234
2217.919922	-32.587086
2228.686523	-31.452396
2239.453125	-33.012394
2250.219727	-35.702549
2260.986328	-38.465221
2271.752930	-40.440136
2282.519531	-41.794426
2293.286133	-42.691059
2304.052734	-43.385872
2314.819336	-43.840225
2325.585938	-43.998722
2336.352539	-43.724796
2347.119141	-43.291016
2357.885742	-42.404869
2368.652344	-41.254608
2379.418945	-39.876434
2390.185547	-39.450264
2400.952148	-40.260937
2411.718750	-40.105671
2422.485352	-38.568249
2433.251953	-35.802856
2444.018555	-33.643902
2454.785156	-33.143780
2465.551758	-35.126965
2476.318359	-37.696690
2487.084961	-39.688351
2497.851562	-41.540016
2508.618164	-42.810646
2519.384766	-43.457367
2530.151367	-43.872032
2540.917969	-44.304565
2551.684570	-44.516834
2562.451172	-44.429840
2573.217773	-44.245853
2583.984375	-44.040874
2594.750977	-43.795040
2605.517578	-43.477825
2616.284180	-43.005371
2627.050781	-43.093773
2637.817383	-44.465157
2648.583984	-42.227558
2659.350586	-34.528717
2670.117188	-30.377636
2680.883789	-29.704821
2691.650391	-31.578016
2702.416992	-34.028576
2713.183594	-36.038868
2723.950195	-37.391953
2734.716797	-38.265606
2745.483398	-39.341568
2756.250000	-39.900959
2767.016602	-40.111435
2777.783203	-39.870918
2788.549805	-40.120731
2799.316406	-40.069832
2810.083008	-39.623631
2820.849609	-38.861584
2831.616211	-37.671749
2842.382812	-36.198483
2853.149414	-34.654488
2863.916016	-32.655235
2874.682617	-29.832363
2885.449219	-27.294231
2896.215820	-25.362879
2906.982422	-25.333160
2917.749023	-26.057186
2928.515625	-27.668800
2939.282227	-30.234137
2950.048828	-32.623489
2960.815430	-34.732834
2971.582031	-35.934860
2982.348633	-36.980480
2993.115234	-37.441509
3003.881836	-37.806751
3014.648438	-37.677021
3025.415039	-37.556686
3036.181641	-37.464859
3046.948242	-36.936329
3057.714844	-35.759197
3068.481445	-34.858738
3079.248047	-33.228195
3090.014648	-31.398151
3100.781250	-29.179708
3111.547852	-27.657661
3122.314453	-27.424660
3133.081055	-28.263275
3143.847656	-30.112528
3154.614258	-32.062405
3165.380859	-33.155960
3176.147461	-34.979855
3186.914062	-38.106907
3197.680664	-43.399364
3208.447266	-50.800156
3219.213867	-49.635948
3229.980469	-46.450096
3240.747070	-44.392601
3251.513672	-42.994228
3262.280273	-41.785522
3273.046875	-40.594475
3283.813477	-39.421692
3294.580078	-37.800667
3305.346680	-36.761009
3316.113281	-34.960979
3326.879883	-32.975513
3337.646484	-31.851820
3348.413086	-31.756933
3359.179688	-32.884048
3369.946289	-34.790833
3380.712891	-36.364525
3391.479492	-37.848927
3402.246094	-38.594570
3413.012695	-38.697060
3423.779297	-37.910557
3434.545898	-35.967239
3445.312500	-33.792877
3456.079102	-32.645172
3466.845703	-32.592209
3477.612305	-32.435196
3488.378906	-32.247780
3499.145508	-32.200481
3509.912109	-31.654505
3520.678711	-30.556959
3531.445312	-29.242146
3542.211914	-27.914371
3552.978516	-26.661245
3563.745117	-25.918932
3574.511719	-26.358501
3585.278320	-28.138910
3596.044922	-30.151510
3606.811523	-31.625597
3617.578125	-33.008533
3628.344727	-33.972134
3639.111328	-34.651501
3649.877930	-34.819077
3660.644531	-34.735920
3671.411133	-34.740517
3682.177734	-34.036076
3692.944336	-33.356373
3703.710938	-32.878323
3714.477539	-32.478325
3725.244141	-32.596127
3736.010742	-33.522915
3746.777344	-35.172993
3757.543945	-36.931293
3768.310547	-37.654518
3779.077148	-37.124943
3789.843750	-36.994339
3800.610352	-37.813633
3811.376953	-39.106030
3822.143555	-40.453812
3832.910156	-41.690647
3843.676758	-42.873295
3854.443359	-43.587547
3865.209961	-44.210133
3875.976562	-44.866085
3886.743164	-45.509323
3897.509766	-46.065514
3908.276367	-46.783524
3919.042969	-47.585594
3929.809570	-48.349628
3940.576172	-49.892262
3951.342773	-49.216492
3962.109375	-43.352150
3972.875977	-36.813690
3983.642578	-31.420080
3994.409180	-27.891781
4005.175781	-26.130508
4015.942383	-26.378342
4026.708984	-27.707811
4037.475586	-29.684980
4048.242188	-31.924213
4059.008789	-33.196274
4069.775391	-34.185867
4080.541992	-35.172878
4091.308594	-35.629589
4102.075195	-36.054592
4112.841797	-36.296379
4123.608398	-36.562740
4134.375000	-35.883022
4145.141602	-35.610729
4155.908203	-35.662457
4166.674805	-34.519623
4177.441406	-32.701824
4188.208008	-31.069496
4198.974609	-29.535303
4209.741211	-27.579456
4220.507812	-26.129505
4231.274414	-25.377918
4242.041016	-25.200090
4252.807617	-25.993181
4263.574219	-27.675453
4274.340820	-30.203787
4285.107422	-32.669399
4295.874023	-34.572777
4306.640625	-36.183689
4317.407227	-37.108368
4328.173828	-37.929634
4338.940430	-37.924118
4349.707031	-38.052143
4360.473633	-37.907566
4371.240234	-37.589489
4382.006836	-36.631832
4392.773438	-35.886703
4403.540039	-34.909782
4414.306641	-33.885178
4425.073242	-32.820610
4435.839844	-32.061310
4446.606445	-31.586014
4457.373047	-32.000603
4468.139648	-32.876274
4478.906250	-34.221989
4489.672852	-36.083794
4500.439453	-38.332619
4511.206055	-41.664886
4521.972656	-46.492378
4532.739258	-45.860714
4543.505859	-42.323547
4554.272461	-40.383167
4565.039062	-39.543262
4575.805664	-38.591213
4586.572266	-37.844421
4597.338867	-36.815559
4608.105469	-36.040077
4618.872070	-35.047863
4629.638672	-34.132519
4640.405273	-32.931297
4651.171875	-32.066460
4661.938477	-31.706018
4672.705078	-31.504822
4683.471680	-31.991514
4694.238281	-32.379158
4705.004883	-33.054798
4715.771484	-33.625141
4726.538086	-34.304348
4737.304688	-34.675957
4748.071289	-34.932312
4758.837891	-34.797188
4769.604492	-34.599678
4780.371094	-34.305477
4791.137695	-33.786617
4801.904297	-33.519524
4812.670898	-33.468822
4823.437500	-32.646152
4834.204102	-32.161980
4844.970703	-31.798733
4855.737305	-31.344929
4866.503906	-31.042431
4877.270508	-30.516634
4888.037109	-30.141747
4898.803711	-30.484915
4909.570312	-30.833748
4920.336914	-30.967546
4931.103516	-31.380558
4941.870117	-32.042385
4952.636719	-32.306252
4963.403320	-32.850422
4974.169922	-33.146126
4984.936523	-33.118202
4995.703125	-33.442158
5006.469727	-33.205544
5017.236328	-33.274067
5028.002930	-33.272270
5038.769531	-33.358864
5049.536133	-33.106358
5060.302734	-33.160347
5071.069336	-32.966187
5081.835938	-32.591743
5092.602539	-32.405613
5103.369141	-31.946768
5114.135742	-31.843552
5124.902344	-31.729063
5135.668945	-31.493851
5146.435547	-31.664541
5157.202148	-31.780205
5167.968750	-31.732599
5178.735352	-32.105408
5189.501953	-32.766594
5200.268555	-33.404961
5211.035156	-34.393291
5221.801758	-35.520988
5232.568359	-36.622684
5243.334961	-37.647408
5254.101562	-38.947411
5264.868164	-40.225277
5275.634766	-41.711807
5286.401367	-43.492371
5297.167969	-45.344688
5307.934570	-47.069683
5318.701172	-49.354580
5329.467773	-51.501598
5340.234375	-53.984291
5351.000977	-56.799187
5361.767578	-59.657982
5372.534180	-63.356136
5383.300781	-67.310692
5394.067383	-71.924004
5404.833984	-78.084557
5415.600586	-84.566940
5426.367188	-91.171356
5437.133789	-99.065430
5447.900391	-107.114281
5458.666992	-113.629875
5469.433594	-117.498253
5480.200195	-118.801888
5490.966797	-119.574722
5501.733398	-120.024391
