Frequency (Hz)	Level (dB)
10.766602	-78.396187
21.533203	-73.601021
32.299805	-71.196327
43.066406	-69.213188
53.833008	-66.734398
64.599609	-66.285973
75.366211	-66.714249
86.132812	-66.840744
96.899414	-67.020386
107.666016	-66.412041
118.432617	-65.735939
129.199219	-66.311424
139.965820	-66.208099
150.732422	-65.702545
161.499023	-65.487411
172.265625	-65.295235
183.032227	-64.910545
193.798828	-64.649467
204.565430	-63.984653
215.332031	-63.585758
226.098633	-64.225830
236.865234	-64.870453
247.631836	-64.689133
258.398438	-64.513687
269.165039	-64.412514
279.931641	-64.513382
290.698242	-64.661751
301.464844	-64.286804
312.231445	-63.929558
322.998047	-63.661198
333.764648	-63.681717
344.531250	-63.166653
355.297852	-62.957546
366.064453	-62.394962
376.831055	-61.668182
387.597656	-60.988857
398.364258	-60.482571
409.130859	-59.697590
419.897461	-58.780579
430.664062	-57.728428
441.430664	-55.918945
452.197266	-53.007549
462.963867	-50.760880
473.730469	-49.628628
484.497070	-49.321514
495.263672	-49.192123
506.030273	-49.387897
516.796875	-50.143745
527.563477	-51.192287
538.330078	-52.470215
549.096680	-54.012371
559.863281	-55.469547
570.629883	-57.343430
581.396484	-58.684410
592.163086	-59.700871
602.929688	-60.469872
613.696289	-61.062695
624.462891	-61.293926
635.229492	-61.999626
645.996094	-62.200607
656.762695	-61.985691
667.529297	-61.586609
678.295898	-62.460815
689.062500	-63.513664
699.829102	-64.307816
710.595703	-64.893967
721.362305	-65.077011
732.128906	-65.178406
742.895508	-65.136383
753.662109	-64.920998
764.428711	-65.009781
775.195312	-64.666023
785.961914	-63.520790
796.728516	-62.568325
807.495117	-62.419998
818.261719	-62.708923
829.028320	-62.458118
839.794922	-62.561485
850.561523	-62.546387
861.328125	-62.291256
872.094727	-61.979668
882.861328	-62.294640
893.627930	-62.287834
904.394531	-60.885990
915.161133	-59.243481
925.927734	-57.687622
936.694336	-56.214439
947.460938	-54.807205
958.227539	-54.199978
968.994141	-53.139229
979.760742	-52.351418
990.527344	-51.640587
1001.293945	-51.439354
1012.060547	-51.395248
1022.827148	-51.286522
1033.593750	-51.113415
1044.360352	-51.214771
1055.126953	-51.910240
1065.893555	-52.996449
1076.660156	-54.076271
1087.426758	-55.365566
1098.193359	-55.992035
1108.959961	-55.769932
1119.726562	-55.787155
1130.493164	-56.824059
1141.259766	-58.409298
1152.026367	-59.346992
1162.792969	-60.473713
1173.559570	-61.402187
1184.326172	-61.967319
1195.092773	-62.434410
1205.859375	-62.938843
1216.625977	-63.042603
1227.392578	-62.990967
1238.159180	-63.081314
1248.925781	-62.896736
1259.692383	-62.661770
1270.458984	-62.619282
1281.225586	-62.612549
1291.992188	-62.444798
1302.758789	-62.095840
1313.525391	-61.479378
1324.291992	-59.318676
1335.058594	-57.899761
1345.825195	-59.100590
1356.591797	-59.805313
1367.358398	-59.856007
1378.125000	-58.640362
1388.891602	-57.410954
1399.658203	-56.630436
1410.424805	-55.086926
1421.191406	-53.664478
1431.958008	-52.184139
1442.724609	-50.978786
1453.491211	-50.864738
1464.257812	-50.530392
1475.024414	-50.491669
1485.791016	-50.245613
1496.557617	-50.160683
1507.324219	-49.973747
1518.090820	-50.442245
1528.857422	-51.256516
1539.624023	-52.364861
1550.390625	-54.287865
1561.157227	-51.833115
1571.923828	-48.284660
1582.690430	-47.764606
1593.457031	-48.686737
1604.223633	-50.248028
1614.990234	-52.264957
1625.756836	-53.871365
1636.523438	-54.921429
1647.290039	-55.573311
1658.056641	-56.060032
1668.823242	-56.574532
1679.589844	-57.312847
1690.356445	-58.154137
1701.123047	-58.489403
1711.889648	-58.491116
1722.656250	-58.641609
1733.422852	-58.775223
1744.189453	-58.497688
1754.956055	-57.318611
1765.722656	-55.809242
1776.489258	-53.628742
1787.255859	-53.102974
1798.022461	-54.484158
1808.789062	-55.387745
1819.555664	-55.279858
1830.322266	-55.042404
1841.088867	-55.057957
1851.855469	-55.271271
1862.622070	-55.531406
1873.388672	-54.399315
1884.155273	-52.158836
1894.921875	-50.809853
1905.688477	-49.361797
1916.455078	-48.360477
1927.221680	-48.000423
1937.988281	-47.724018
1948.754883	-47.438290
1959.521484	-47.173046
1970.288086	-47.221844
1981.054688	-46.935982
1991.821289	-47.099300
2002.587891	-49.269363
2013.354492	-55.116814
2024.121094	-55.749504
2034.887695	-52.868282
2045.654297	-51.559288
2056.420898	-51.066513
2067.187500	-50.956726
2077.954102	-50.884926
2088.720703	-51.481899
2099.487305	-51.847107
2110.253906	-51.878292
2121.020508	-51.551357
2131.787109	-51.364365
2142.553711	-52.104546
2153.320312	-53.393539
2164.086914	-54.594307
2174.853516	-55.413418
2185.620117	-56.393948
2196.386719	-56.326233
2207.153320	-54.580845
2217.919922	-50.714851
2228.686523	-48.027302
2239.453125	-47.802746
2250.219727	-48.501366
2260.986328	-49.448204
2271.752930	-49.878822
2282.519531	-49.584301
2293.286133	-49.181366
2304.052734	-48.507191
2314.819336	-47.873047
2325.585938	-46.774876
2336.352539	-44.953068
2347.119141	-43.161018
2357.885742	-41.710194
2368.652344	-39.929890
2379.418945	-38.746426
2390.185547	-38.852551
2400.952148	-40.243229
2411.718750	-41.228317
2422.485352	-41.070492
2433.251953	-39.872242
2444.018555	-39.180153
2454.785156	-40.500965
2465.551758	-44.472130
2476.318359	-48.186375
2487.084961	-50.059238
2497.851562	-50.629356
2508.618164	-50.684116
2519.384766	-50.419121
2530.151367	-50.464554
2540.917969	-50.709156
2551.684570	-50.910572
2562.451172	-50.941647
2573.217773	-51.069862
2583.984375	-51.877182
2594.750977	-52.817474
2605.517578	-54.323616
2616.284180	-56.752064
2627.050781	-60.897327
2637.817383	-67.398598
2648.583984	-65.180328
2659.350586	-54.218933
2670.117188	-47.830956
2680.883789	-45.078438
2691.650391	-45.195263
2702.416992	-46.271248
2713.183594	-46.985352
2723.950195	-47.290138
2734.716797	-47.284874
2745.483398	-47.378101
2756.250000	-47.065578
2767.016602	-46.625202
2777.783203	-45.560799
2788.549805	-45.156898
2799.316406	-43.888866
2810.083008	-42.384880
2820.849609	-40.934105
2831.616211	-39.806568
2842.382812	-38.326115
2853.149414	-37.288982
2863.916016	-36.245670
2874.682617	-34.104019
2885.449219	-32.092777
2896.215820	-30.620489
2906.982422	-31.006989
2917.749023	-32.054615
2928.515625	-33.743088
2939.282227	-35.867874
2950.048828	-37.884853
2960.815430	-39.609398
2971.582031	-40.549236
2982.348633	-41.244446
2993.115234	-41.429188
3003.881836	-42.121807
3014.648438	-42.397198
3025.415039	-42.469975
3036.181641	-42.978512
3046.948242	-43.060402
3057.714844	-43.213036
3068.481445	-43.478680
3079.248047	-43.591469
3090.014648	-43.190628
3100.781250	-42.257404
3111.547852	-40.730724
3122.314453	-39.364914
3133.081055	-39.276192
3143.847656	-39.255318
3154.614258	-40.457542
3165.380859	-41.970032
3176.147461	-43.482635
3186.914062	-46.093639
3197.680664	-50.862621
3208.447266	-57.885208
3219.213867	-56.193481
3229.980469	-52.865223
3240.747070	-50.550602
3251.513672	-48.976803
3262.280273	-47.316814
3273.046875	-45.561424
3283.813477	-44.074448
3294.580078	-41.930088
3305.346680	-41.142803
3316.113281	-39.691048
3326.879883	-37.544849
3337.646484	-36.596870
3348.413086	-36.998318
3359.179688	-38.112816
3369.946289	-39.652760
3380.712891	-40.745430
3391.479492	-41.332985
3402.246094	-41.842129
3413.012695	-41.929955
3423.779297	-40.562763
3434.545898	-37.939053
3445.312500	-35.936794
3456.079102	-34.640530
3466.845703	-34.968113
3477.612305	-35.279240
3488.378906	-35.040257
3499.145508	-35.348690
3509.912109	-36.033665
3520.678711	-35.965641
3531.445312	-36.242764
3542.211914	-36.933983
3552.978516	-37.314697
3563.745117	-38.068256
3574.511719	-40.575958
3585.278320	-44.264465
3596.044922	-46.563564
3606.811523	-46.459034
3617.578125	-45.868324
3628.344727	-45.525032
3639.111328	-44.638733
3649.877930	-44.098282
3660.644531	-43.755650
3671.411133	-44.182274
3682.177734	-44.297104
3692.944336	-44.518837
3703.710938	-44.309299
3714.477539	-44.318035
3725.244141	-44.308479
3736.010742	-45.247967
3746.777344	-46.636707
3757.543945	-47.381916
3768.310547	-46.854671
3779.077148	-44.731239
3789.843750	-43.039715
3800.610352	-42.782928
3811.376953	-43.596348
3822.143555	-44.622864
3832.910156	-45.163334
3843.676758	-45.419369
3854.443359	-45.606087
3865.209961	-46.063908
3875.976562	-46.292370
3886.743164	-46.764843
3897.509766	-47.355022
3908.276367	-48.144993
3919.042969	-49.281986
3929.809570	-50.507572
3940.576172	-52.620247
3951.342773	-52.939041
3962.109375	-48.008430
3972.875977	-42.424461
3983.642578	-38.063576
3994.409180	-35.594070
4005.175781	-35.018215
4015.942383	-36.522038
4026.708984	-39.237499
4037.475586	-43.281303
4048.242188	-47.123722
4059.008789	-49.074493
4069.775391	-50.015842
4080.541992	-50.578396
4091.308594	-50.824631
4102.075195	-51.374275
4112.841797	-52.016342
4123.608398	-52.932980
4134.375000	-53.172646
4145.141602	-54.265400
4155.908203	-56.379456
4166.674805	-58.963001
4177.441406	-62.476013
4188.208008	-63.089764
4198.974609	-54.858013
4209.741211	-47.950447
4220.507812	-43.335690
4231.274414	-39.766876
4242.041016	-37.134918
4252.807617	-36.687881
4263.574219	-37.530857
4274.340820	-38.614349
4285.107422	-39.866402
4295.874023	-41.125816
4306.640625	-42.432610
4317.407227	-43.193443
4328.173828	-43.689960
4338.940430	-43.569958
4349.707031	-43.721901
4360.473633	-43.960697
4371.240234	-44.121029
4382.006836	-43.195240
4392.773438	-42.979408
4403.540039	-42.725487
4414.306641	-42.630993
4425.073242	-42.254795
4435.839844	-41.832455
4446.606445	-41.886738
4457.373047	-42.746563
4468.139648	-43.896061
4478.906250	-45.323669
4489.672852	-47.239292
4500.439453	-49.495022
4511.206055	-52.834660
4521.972656	-57.438183
4532.739258	-56.721519
4543.505859	-53.337147
4554.272461	-51.491756
4565.039062	-50.955070
4575.805664	-50.697231
4586.572266	-50.823902
4597.338867	-50.476925
4608.105469	-50.466324
4618.872070	-51.100788
4629.638672	-52.088776
4640.405273	-53.047119
4651.171875	-54.509968
4661.938477	-56.517311
4672.705078	-57.147160
4683.471680	-55.717621
4694.238281	-53.625072
4705.004883	-52.281170
4715.771484	-51.257130
4726.538086	-50.878284
4737.304688	-50.318638
4748.071289	-49.897686
4758.837891	-49.809460
4769.604492	-49.249165
4780.371094	-48.600780
4791.137695	-48.267059
4801.904297	-48.379414
4812.670898	-48.769104
4823.437500	-48.424164
4834.204102	-48.438278
4844.970703	-48.362194
4855.737305	-48.395527
4866.503906	-48.525238
4877.270508	-48.689686
4888.037109	-48.575752
4898.803711	-48.781563
4909.570312	-48.893303
4920.336914	-48.913239
4931.103516	-49.313408
4941.870117	-49.736645
4952.636719	-49.632305
4963.403320	-50.450172
4974.169922	-50.504150
4984.936523	-50.358543
4995.703125	-50.922691
5006.469727	-50.762058
5017.236328	-51.235008
5028.002930	-51.409637
5038.769531	-51.504768
5049.536133	-51.616314
5060.302734	-51.938259
5071.069336	-51.683933
5081.835938	-51.826759
5092.602539	-51.926331
5103.369141	-51.899693
5114.135742	-51.677952
5124.902344	-51.608532
5135.668945	-51.600548
5146.435547	-51.595985
5157.202148	-51.529922
5167.968750	-51.133614
5178.735352	-51.035355
5189.501953	-51.313831
5200.268555	-51.225243
5211.035156	-51.689400
5221.801758	-52.389011
5232.568359	-53.207191
5243.334961	-53.987217
5254.101562	-55.388737
5264.868164	-56.518330
5275.634766	-57.953545
5286.401367	-60.320431
5297.167969	-62.364201
5307.934570	-64.329559
5318.701172	-66.814110
5329.467773	-69.342247
5340.234375	-72.370636
5351.000977	-75.886734
5361.767578	-79.171967
5372.534180	-83.923164
5383.300781	-87.937851
5394.067383	-92.140701
5404.833984	-98.288391
5415.600586	-103.868210
5426.367188	-109.666206
5437.133789	-116.810516
5447.900391	-124.185204
5458.666992	-131.077545
5469.433594	-135.199936
5480.200195	-136.908981
5490.966797	-137.746429
5501.733398	-138.232147
